3
45.000000, 10.000000, 12.000000
22.500000, -5.000000, 0.000000
0.000000, 0.000000, 0.000000
3
40.000000, 10.000000, 12.000000
75.000000, -5.000000, 0.000000
0.000000, 0.000000, 0.000000
3
20.000000, 10.000000, 12.000000
110.000000, -5.000000, 0.000000
0.000000, 0.000000, 0.000000
3
50.000000, 10.000000, 12.000000
160.000000, -5.000000, 0.000000
0.000000, 0.000000, 0.000000
2
5.500000, 5.500000, 0.200000
3.999998, 2.700000, -5.499997
0.000000, 0.000000, 0.000000
5
1.600000, 7.000000, 1.600000
27.000027, 3.500000, -4.499998
0.000000, 0.000000, 0.000000
5
1.600000, 10.000000, 1.600000
20.000000, 5.000000, 0.000000
0.000000, 0.000000, 0.000000
5
1.600000, 8.000000, 1.600000
31.500000, 4.000000, 4.499998
0.000000, 0.000000, 0.000000
3
8.000000, 10.000000, 0.200000
70.000000, 5.000000, 5.899997
0.000000, 0.000000, 0.000000
0
1.000000, 1.000000, 1.000000
92.500031, 0.500000, 1.600000
0.000000, 0.000000, 0.000000
0
1.000000, 1.000000, 1.000000
93.500015, 0.500000, -1.500000
0.000000, 0.000000, 0.000000
0
1.000000, 1.000000, 1.000000
94.500000, 0.500000, -3.999998
0.000000, 0.000000, 0.000000
0
1.000000, 1.000000, 1.000000
91.500046, 0.500000, 4.199998
0.000000, 0.000000, 0.000000
0
1.000000, 1.000000, 1.000000
93.500015, 1.500000, -1.500000
0.000000, 0.000000, 0.000000
0
1.000000, 1.000000, 1.000000
92.500031, 1.500000, 1.600000
0.000000, 0.000000, 0.000000
0
1.000000, 1.000000, 1.000000
93.500015, 2.500000, -1.500000
0.000000, 0.000000, 0.000000
0
1.000000, 1.000000, 1.000000
94.500000, 1.500000, -3.999998
0.000000, 0.000000, 0.000000
0
1.000000, 1.000000, 1.000000
94.500000, 2.500000, -3.999998
0.000000, 0.000000, 0.000000
0
1.000000, 1.000000, 1.000000
94.500000, 3.499999, -3.999998
0.000000, 0.000000, 0.000000
0
1.000000, 1.000000, 1.000000
100.499908, 0.500000, -5.499997
0.000000, 0.000000, 0.000000
0
1.000000, 1.000000, 1.000000
100.499908, 0.500000, -4.499998
0.000000, 0.000000, 0.000000
0
1.000000, 1.000000, 1.000000
100.499908, 0.500000, -3.499999
0.000000, 0.000000, 0.000000
0
1.000000, 1.000000, 1.000000
100.499908, 0.500000, -2.500000
0.000000, 0.000000, 0.000000
0
1.000000, 1.000000, 1.000000
100.499908, 0.500000, -1.500000
0.000000, 0.000000, 0.000000
0
1.000000, 1.000000, 1.000000
100.499908, 0.500000, -0.500000
0.000000, 0.000000, 0.000000
0
1.000000, 1.000000, 1.000000
100.499908, 0.500000, 0.500000
0.000000, 0.000000, 0.000000
0
1.000000, 1.000000, 1.000000
100.499908, 0.500000, 1.500000
0.000000, 0.000000, 0.000000
0
1.000000, 1.000000, 1.000000
100.499908, 0.500000, 2.500000
0.000000, 0.000000, 0.000000
0
1.000000, 1.000000, 1.000000
100.499908, 0.500000, 3.499999
0.000000, 0.000000, 0.000000
0
1.000000, 1.000000, 1.000000
100.499908, 0.500000, 4.499999
0.000000, 0.000000, 0.000000
0
1.000000, 1.000000, 1.000000
100.499908, 0.500000, 5.499997
0.000000, 0.000000, 0.000000
0
1.000000, 1.000000, 1.000000
100.499908, 1.500000, -5.499997
0.000000, 0.000000, 0.000000
0
1.000000, 1.000000, 1.000000
100.499908, 1.500000, -4.499998
0.000000, 0.000000, 0.000000
0
1.000000, 1.000000, 1.000000
100.499908, 1.500000, -3.499999
0.000000, 0.000000, 0.000000
0
1.000000, 1.000000, 1.000000
100.499908, 1.500000, -2.500000
0.000000, 0.000000, 0.000000
0
1.000000, 1.000000, 1.000000
100.499908, 1.500000, -1.500000
0.000000, 0.000000, 0.000000
0
1.000000, 1.000000, 1.000000
100.499908, 1.500000, -0.500000
0.000000, 0.000000, 0.000000
0
1.000000, 1.000000, 1.000000
100.499908, 1.500000, 0.500000
0.000000, 0.000000, 0.000000
0
1.000000, 1.000000, 1.000000
100.499908, 1.500000, 1.500000
0.000000, 0.000000, 0.000000
0
1.000000, 1.000000, 1.000000
100.499908, 1.500000, 2.500000
0.000000, 0.000000, 0.000000
0
1.000000, 1.000000, 1.000000
100.499908, 1.500000, 3.499999
0.000000, 0.000000, 0.000000
0
1.000000, 1.000000, 1.000000
100.499908, 1.500000, 4.499998
0.000000, 0.000000, 0.000000
0
1.000000, 1.000000, 1.000000
100.499908, 1.500000, 5.499997
0.000000, 0.000000, 0.000000
0
1.000000, 1.000000, 1.000000
100.499908, 2.500000, -5.499997
0.000000, 0.000000, 0.000000
0
1.000000, 1.000000, 1.000000
100.499908, 2.500000, -4.499998
0.000000, 0.000000, 0.000000
0
1.000000, 1.000000, 1.000000
100.499908, 2.500000, -3.499999
0.000000, 0.000000, 0.000000
0
1.000000, 1.000000, 1.000000
100.499908, 2.500000, -2.500000
0.000000, 0.000000, 0.000000
0
1.000000, 1.000000, 1.000000
100.499908, 2.500000, -1.500000
0.000000, 0.000000, 0.000000
0
1.000000, 1.000000, 1.000000
100.499908, 2.500000, -0.500000
0.000000, 0.000000, 0.000000
0
1.000000, 1.000000, 1.000000
100.499908, 2.500000, 0.500000
0.000000, 0.000000, 0.000000
0
1.000000, 1.000000, 1.000000
100.499908, 2.500000, 1.500000
0.000000, 0.000000, 0.000000
0
1.000000, 1.000000, 1.000000
100.499908, 2.500000, 2.500000
0.000000, 0.000000, 0.000000
0
1.000000, 1.000000, 1.000000
100.499908, 2.500000, 3.499999
0.000000, 0.000000, 0.000000
0
1.000000, 1.000000, 1.000000
100.499908, 2.500000, 4.499998
0.000000, 0.000000, 0.000000
0
1.000000, 1.000000, 1.000000
100.499908, 2.500000, 5.499997
0.000000, 0.000000, 0.000000
4
1.000000, 1.000000, 1.000000
116.499664, 3.000000, 2.000000
0.000000, 0.000000, 0.000000
4
1.000000, 1.000000, 1.000000
117.499649, 3.000000, 2.000000
0.000000, 0.000000, 0.000000
4
1.000000, 1.000000, 1.000000
118.499634, 3.000000, 2.000000
0.000000, 0.000000, 0.000000
4
1.000000, 1.000000, 1.000000
116.499664, 3.000000, 1.000000
0.000000, 0.000000, 0.000000
4
1.000000, 1.000000, 1.000000
117.499649, 3.000000, 1.000000
0.000000, 0.000000, 0.000000
4
1.000000, 1.000000, 1.000000
118.499634, 3.000000, 1.000000
0.000000, 0.000000, 0.000000
0
1.000000, 1.000000, 1.000000
116.499664, 5.999997, -1.500000
0.000000, 0.000000, 0.000000
0
1.000000, 1.000000, 1.000000
116.499664, 5.999997, -2.500000
0.000000, 0.000000, 0.000000
0
1.000000, 1.000000, 1.000000
115.499680, 5.999997, -2.500000
0.000000, 0.000000, 0.000000
0
1.000000, 1.000000, 1.000000
115.499680, 5.999997, -1.500000
0.000000, 0.000000, 0.000000
0
1.000000, 1.000000, 1.000000
114.499695, 5.999997, -1.500000
0.000000, 0.000000, 0.000000
0
1.000000, 1.000000, 1.000000
114.499695, 5.999997, -2.500000
0.000000, 0.000000, 0.000000
0
1.000000, 1.000000, 1.000000
117.499649, 5.999997, -1.500000
0.000000, 0.000000, 0.000000
0
1.000000, 1.000000, 1.000000
117.499649, 5.999997, -2.500000
0.000000, 0.000000, 0.000000
0
1.000000, 1.000000, 1.000000
118.499634, 5.999997, -2.500000
0.000000, 0.000000, 0.000000
0
1.000000, 1.000000, 1.000000
118.499634, 5.999997, -1.500000
0.000000, 0.000000, 0.000000
0
1.000000, 1.000000, 1.000000
119.499619, 5.999997, -1.500000
0.000000, 0.000000, 0.000000
0
1.000000, 1.000000, 1.000000
119.499619, 5.999997, -2.500000
0.000000, 0.000000, 0.000000
0
1.000000, 1.000000, 1.000000
120.499603, 5.999997, -2.500000
0.000000, 0.000000, 0.000000
0
1.000000, 1.000000, 1.000000
120.499603, 5.999997, -1.500000
0.000000, 0.000000, 0.000000
0
1.000000, 1.000000, 1.000000
121.499588, 5.999997, -1.500000
0.000000, 0.000000, 0.000000
0
1.000000, 1.000000, 1.000000
121.499588, 5.999997, -2.500000
0.000000, 0.000000, 0.000000
0
1.000000, 1.000000, 1.000000
122.499573, 5.999997, -2.500000
0.000000, 0.000000, 0.000000
0
1.000000, 1.000000, 1.000000
122.499573, 5.999997, -1.500000
0.000000, 0.000000, 0.000000
0
1.000000, 1.000000, 1.000000
123.499557, 5.999997, -1.500000
0.000000, 0.000000, 0.000000
0
1.000000, 1.000000, 1.000000
123.499557, 5.999997, -2.500000
0.000000, 0.000000, 0.000000
0
1.000000, 1.000000, 1.000000
124.499542, 5.999997, -2.500000
0.000000, 0.000000, 0.000000
0
1.000000, 1.000000, 1.000000
124.499542, 5.999997, -1.500000
0.000000, 0.000000, 0.000000
0
1.000000, 1.000000, 1.000000
125.499527, 5.999997, -1.500000
0.000000, 0.000000, 0.000000
0
1.000000, 1.000000, 1.000000
125.499527, 5.999997, -2.500000
0.000000, 0.000000, 0.000000
0
1.000000, 1.000000, 1.000000
126.499512, 5.999997, -2.500000
0.000000, 0.000000, 0.000000
0
1.000000, 1.000000, 1.000000
126.499512, 5.999997, -1.500000
0.000000, 0.000000, 0.000000
0
1.000000, 1.000000, 1.000000
127.499496, 5.999997, -1.500000
0.000000, 0.000000, 0.000000
0
1.000000, 1.000000, 1.000000
127.499496, 5.999997, -2.500000
0.000000, 0.000000, 0.000000
0
1.000000, 1.000000, 1.000000
140.500000, 0.500000, -5.499997
0.000000, 0.000000, 0.000000
0
1.000000, 1.000000, 1.000000
141.500061, 0.500000, -5.499997
0.000000, 0.000000, 0.000000
0
1.000000, 1.000000, 1.000000
100.499908, 3.499999, 5.499997
0.000000, 0.000000, 0.000000
0
1.000000, 1.000000, 1.000000
100.499908, 3.499999, 4.499998
0.000000, 0.000000, 0.000000
0
1.000000, 1.000000, 1.000000
100.499908, 3.499999, 3.499999
0.000000, 0.000000, 0.000000
0
1.000000, 1.000000, 1.000000
100.499908, 3.499999, 2.500000
0.000000, 0.000000, 0.000000
0
1.000000, 1.000000, 1.000000
100.499908, 3.499999, 1.500000
0.000000, 0.000000, 0.000000
0
1.000000, 1.000000, 1.000000
100.499908, 3.499999, 0.500000
0.000000, 0.000000, 0.000000
0
1.000000, 1.000000, 1.000000
100.499908, 3.499999, -0.500000
0.000000, 0.000000, 0.000000
0
1.000000, 1.000000, 1.000000
100.499908, 3.499999, -1.500000
0.000000, 0.000000, 0.000000
0
1.000000, 1.000000, 1.000000
100.499908, 3.499999, -2.500000
0.000000, 0.000000, 0.000000
0
1.000000, 1.000000, 1.000000
100.499908, 3.499999, -3.499999
0.000000, 0.000000, 0.000000
0
1.000000, 1.000000, 1.000000
100.499908, 3.499999, -4.499998
0.000000, 0.000000, 0.000000
0
1.000000, 1.000000, 1.000000
100.499908, 3.499999, -5.499997
0.000000, 0.000000, 0.000000
0
1.000000, 1.000000, 1.000000
101.499893, 0.500000, -5.499997
0.000000, 0.000000, 0.000000
0
1.000000, 1.000000, 1.000000
101.499893, 1.500000, -5.499997
0.000000, 0.000000, 0.000000
0
1.000000, 1.000000, 1.000000
101.499893, 2.500000, -5.499997
0.000000, 0.000000, 0.000000
0
1.000000, 1.000000, 1.000000
101.499893, 2.500000, -4.499998
0.000000, 0.000000, 0.000000
0
1.000000, 1.000000, 1.000000
101.499893, 2.500000, -3.499999
0.000000, 0.000000, 0.000000
0
1.000000, 1.000000, 1.000000
101.499893, 2.500000, -2.500000
0.000000, 0.000000, 0.000000
0
1.000000, 1.000000, 1.000000
101.499893, 2.500000, -1.500000
0.000000, 0.000000, 0.000000
0
1.000000, 1.000000, 1.000000
101.499893, 2.500000, -0.500000
0.000000, 0.000000, 0.000000
0
1.000000, 1.000000, 1.000000
101.499893, 2.500000, 0.500000
0.000000, 0.000000, 0.000000
0
1.000000, 1.000000, 1.000000
101.499893, 2.500000, 1.500001
0.000000, 0.000000, 0.000000
0
1.000000, 1.000000, 1.000000
101.499893, 2.500000, 2.500000
0.000000, 0.000000, 0.000000
0
1.000000, 1.000000, 1.000000
101.499893, 2.500000, 3.499999
0.000000, 0.000000, 0.000000
0
1.000000, 1.000000, 1.000000
101.499893, 2.500000, 4.499999
0.000000, 0.000000, 0.000000
0
1.000000, 1.000000, 1.000000
101.499893, 2.500000, 5.499998
0.000000, 0.000000, 0.000000
0
1.000000, 1.000000, 1.000000
101.499893, 1.500000, 5.499998
0.000000, 0.000000, 0.000000
0
1.000000, 1.000000, 1.000000
101.499893, 0.500000, 5.499998
0.000000, 0.000000, 0.000000
0
1.000000, 1.000000, 1.000000
102.499878, 0.500000, 5.499998
0.000000, 0.000000, 0.000000
0
1.000000, 1.000000, 1.000000
102.499878, 1.500000, 5.499998
0.000000, 0.000000, 0.000000
0
1.000000, 1.000000, 1.000000
102.499878, 1.500000, 4.499999
0.000000, 0.000000, 0.000000
0
1.000000, 1.000000, 1.000000
102.499878, 1.500000, 3.500000
0.000000, 0.000000, 0.000000
0
1.000000, 1.000000, 1.000000
102.499878, 1.500000, 2.500000
0.000000, 0.000000, 0.000000
0
1.000000, 1.000000, 1.000000
102.499878, 1.500000, 1.500001
0.000000, 0.000000, 0.000000
0
1.000000, 1.000000, 1.000000
102.500000, 1.500000, 0.500000
0.000000, 0.000000, 0.000000
0
1.000000, 1.000000, 1.000000
102.500000, 1.500000, -0.500000
0.000000, 0.000000, 0.000000
0
1.000000, 1.000000, 1.000000
102.500000, 1.500000, -1.500000
0.000000, 0.000000, 0.000000
0
1.000000, 1.000000, 1.000000
102.500000, 1.500000, -2.500000
0.000000, 0.000000, 0.000000
0
1.000000, 1.000000, 1.000000
102.500000, 1.500000, -3.499999
0.000000, 0.000000, 0.000000
0
1.000000, 1.000000, 1.000000
102.500000, 1.500000, -4.499998
0.000000, 0.000000, 0.000000
0
1.000000, 1.000000, 1.000000
102.500000, 1.500000, -5.499997
0.000000, 0.000000, 0.000000
0
1.000000, 1.000000, 1.000000
102.500000, 0.500000, -5.499997
0.000000, 0.000000, 0.000000
0
1.000000, 1.000000, 1.000000
103.499985, 0.500000, -5.499997
0.000000, 0.000000, 0.000000
0
1.000000, 1.000000, 1.000000
103.499985, 0.500000, -4.499998
0.000000, 0.000000, 0.000000
0
1.000000, 1.000000, 1.000000
103.499985, 0.500000, -3.499999
0.000000, 0.000000, 0.000000
0
1.000000, 1.000000, 1.000000
103.499985, 0.500000, -2.500000
0.000000, 0.000000, 0.000000
0
1.000000, 1.000000, 1.000000
103.499985, 0.500000, -1.500000
0.000000, 0.000000, 0.000000
0
1.000000, 1.000000, 1.000000
103.499985, 0.500000, -0.500000
0.000000, 0.000000, 0.000000
0
1.000000, 1.000000, 1.000000
103.499985, 0.500000, 0.500000
0.000000, 0.000000, 0.000000
0
1.000000, 1.000000, 1.000000
103.499985, 0.500000, 1.500000
0.000000, 0.000000, 0.000000
0
1.000000, 1.000000, 1.000000
103.499985, 0.500000, 2.500000
0.000000, 0.000000, 0.000000
0
1.000000, 1.000000, 1.000000
103.499985, 0.500000, 3.499999
0.000000, 0.000000, 0.000000
0
1.000000, 1.000000, 1.000000
103.499985, 0.500000, 4.499998
0.000000, 0.000000, 0.000000
0
1.000000, 1.000000, 1.000000
103.499985, 0.500000, 5.499997
0.000000, 0.000000, 0.000000
0
1.000000, 1.000000, 1.000000
141.500061, 1.500000, -5.499997
0.000000, 0.000000, 0.000000
0
1.000000, 1.000000, 1.000000
142.500122, 2.500000, -5.499997
0.000000, 0.000000, 0.000000
0
1.000000, 1.000000, 1.000000
142.500122, 1.500000, -5.499997
0.000000, 0.000000, 0.000000
0
1.000000, 1.000000, 1.000000
142.500122, 0.500000, -5.499997
0.000000, 0.000000, 0.000000
0
1.000000, 1.000000, 1.000000
143.500183, 0.500000, -5.499997
0.000000, 0.000000, 0.000000
0
1.000000, 1.000000, 1.000000
143.500183, 1.500000, -5.499997
0.000000, 0.000000, 0.000000
0
1.000000, 1.000000, 1.000000
143.500183, 2.500000, -5.499997
0.000000, 0.000000, 0.000000
0
1.000000, 1.000000, 1.000000
143.500183, 3.499999, -5.499997
0.000000, 0.000000, 0.000000
0
1.000000, 1.000000, 1.000000
144.500244, 4.499998, -5.499997
0.000000, 0.000000, 0.000000
0
1.000000, 1.000000, 1.000000
144.500244, 3.499999, -5.499997
0.000000, 0.000000, 0.000000
0
1.000000, 1.000000, 1.000000
144.500244, 2.500000, -5.499997
0.000000, 0.000000, 0.000000
0
1.000000, 1.000000, 1.000000
144.500244, 1.500000, -5.499997
0.000000, 0.000000, 0.000000
0
1.000000, 1.000000, 1.000000
144.500244, 0.500000, -5.499997
0.000000, 0.000000, 0.000000
0
1.000000, 1.000000, 1.000000
145.500305, 0.500000, -5.499997
0.000000, 0.000000, 0.000000
0
1.000000, 1.000000, 1.000000
145.500305, 1.500000, -5.499997
0.000000, 0.000000, 0.000000
0
1.000000, 1.000000, 1.000000
145.500305, 2.500000, -5.499997
0.000000, 0.000000, 0.000000
0
1.000000, 1.000000, 1.000000
145.500305, 3.499999, -5.499997
0.000000, 0.000000, 0.000000
0
1.000000, 1.000000, 1.000000
145.500305, 4.499998, -5.499997
0.000000, 0.000000, 0.000000
0
1.000000, 1.000000, 1.000000
145.500305, 5.499997, -5.499997
0.000000, 0.000000, 0.000000
0
1.000000, 1.000000, 1.000000
146.500366, 6.499996, -5.499997
0.000000, 0.000000, 0.000000
0
1.000000, 1.000000, 1.000000
146.500366, 5.499997, -5.499997
0.000000, 0.000000, 0.000000
0
1.000000, 1.000000, 1.000000
146.500366, 4.499998, -5.499997
0.000000, 0.000000, 0.000000
0
1.000000, 1.000000, 1.000000
146.500366, 3.499999, -5.499997
0.000000, 0.000000, 0.000000
0
1.000000, 1.000000, 1.000000
146.500366, 2.500000, -5.499997
0.000000, 0.000000, 0.000000
0
1.000000, 1.000000, 1.000000
146.500366, 1.500000, -5.499997
0.000000, 0.000000, 0.000000
0
1.000000, 1.000000, 1.000000
146.500366, 0.500000, -5.499997
0.000000, 0.000000, 0.000000
0
1.000000, 1.000000, 1.000000
147.500427, 0.500000, -5.499997
0.000000, 0.000000, 0.000000
0
1.000000, 1.000000, 1.000000
147.500427, 1.500000, -5.499997
0.000000, 0.000000, 0.000000
0
1.000000, 1.000000, 1.000000
147.500427, 2.500000, -5.499997
0.000000, 0.000000, 0.000000
0
1.000000, 1.000000, 1.000000
147.500427, 3.499999, -5.499997
0.000000, 0.000000, 0.000000
0
1.000000, 1.000000, 1.000000
147.500427, 4.499998, -5.499997
0.000000, 0.000000, 0.000000
0
1.000000, 1.000000, 1.000000
147.500427, 5.499997, -5.499997
0.000000, 0.000000, 0.000000
0
1.000000, 1.000000, 1.000000
147.500427, 6.499996, -5.499997
0.000000, 0.000000, 0.000000
0
1.000000, 1.000000, 1.000000
147.500427, 7.499995, -5.499997
0.000000, 0.000000, 0.000000
0
1.000000, 1.000000, 1.000000
148.500488, 8.499996, -5.499997
0.000000, 0.000000, 0.000000
0
1.000000, 1.000000, 1.000000
148.500488, 7.499995, -5.499997
0.000000, 0.000000, 0.000000
0
1.000000, 1.000000, 1.000000
148.500488, 6.499996, -5.499997
0.000000, 0.000000, 0.000000
0
1.000000, 1.000000, 1.000000
148.500488, 5.499997, -5.499997
0.000000, 0.000000, 0.000000
0
1.000000, 1.000000, 1.000000
148.500488, 4.499998, -5.499997
0.000000, 0.000000, 0.000000
0
1.000000, 1.000000, 1.000000
148.500488, 3.499999, -5.499997
0.000000, 0.000000, 0.000000
0
1.000000, 1.000000, 1.000000
148.500488, 2.500000, -5.499997
0.000000, 0.000000, 0.000000
0
1.000000, 1.000000, 1.000000
148.500488, 1.500000, -5.499997
0.000000, 0.000000, 0.000000
0
1.000000, 1.000000, 1.000000
148.500488, 0.500000, -5.499997
0.000000, 0.000000, 0.000000
0
1.000000, 1.000000, 1.000000
149.500549, 0.500000, -5.499997
0.000000, 0.000000, 0.000000
0
1.000000, 1.000000, 1.000000
149.500549, 1.500000, -5.499997
0.000000, 0.000000, 0.000000
0
1.000000, 1.000000, 1.000000
149.500549, 2.500000, -5.499997
0.000000, 0.000000, 0.000000
0
1.000000, 1.000000, 1.000000
149.500549, 3.499999, -5.499997
0.000000, 0.000000, 0.000000
0
1.000000, 1.000000, 1.000000
149.500549, 4.499998, -5.499997
0.000000, 0.000000, 0.000000
0
1.000000, 1.000000, 1.000000
149.500549, 5.499997, -5.499997
0.000000, 0.000000, 0.000000
0
1.000000, 1.000000, 1.000000
149.500549, 6.499996, -5.499997
0.000000, 0.000000, 0.000000
0
1.000000, 1.000000, 1.000000
149.500549, 7.499995, -5.499997
0.000000, 0.000000, 0.000000
0
1.000000, 1.000000, 1.000000
149.500549, 8.499996, -5.499997
0.000000, 0.000000, 0.000000
0
1.000000, 1.000000, 1.000000
149.500549, 9.500000, -5.499997
0.000000, 0.000000, 0.000000
0
1.000000, 1.000000, 1.000000
149.500549, 9.500000, -4.499998
0.000000, 0.000000, 0.000000
0
1.000000, 1.000000, 1.000000
149.500549, 9.500000, -3.499999
0.000000, 0.000000, 0.000000
0
1.000000, 1.000000, 1.000000
149.500549, 9.500000, -2.500000
0.000000, 0.000000, 0.000000
0
1.000000, 1.000000, 1.000000
149.500549, 9.500000, -1.500000
0.000000, 0.000000, 0.000000
0
1.000000, 1.000000, 1.000000
149.500549, 9.500000, -0.500000
0.000000, 0.000000, 0.000000
0
1.000000, 1.000000, 1.000000
149.500549, 9.500000, 0.500000
0.000000, 0.000000, 0.000000
0
1.000000, 1.000000, 1.000000
149.500549, 9.500000, 1.500000
0.000000, 0.000000, 0.000000
0
1.000000, 1.000000, 1.000000
149.500549, 9.500000, 2.500000
0.000000, 0.000000, 0.000000
0
1.000000, 1.000000, 1.000000
149.500549, 9.500000, 3.499999
0.000000, 0.000000, 0.000000
0
1.000000, 1.000000, 1.000000
149.500549, 9.500000, 4.499998
0.000000, 0.000000, 0.000000
0
1.000000, 1.000000, 1.000000
149.500549, 9.500000, 5.499997
0.000000, 0.000000, 0.000000
0
1.000000, 1.000000, 1.000000
149.500549, 8.499996, 5.499997
0.000000, 0.000000, 0.000000
0
1.000000, 1.000000, 1.000000
149.500549, 7.499995, 5.499997
0.000000, 0.000000, 0.000000
0
1.000000, 1.000000, 1.000000
149.500549, 6.499996, 5.499997
0.000000, 0.000000, 0.000000
0
1.000000, 1.000000, 1.000000
149.500549, 5.499997, 5.499997
0.000000, 0.000000, 0.000000
0
1.000000, 1.000000, 1.000000
149.500549, 4.499998, 5.499997
0.000000, 0.000000, 0.000000
0
1.000000, 1.000000, 1.000000
149.500549, 3.499999, 5.499997
0.000000, 0.000000, 0.000000
0
1.000000, 1.000000, 1.000000
149.500549, 2.500000, 5.499997
0.000000, 0.000000, 0.000000
0
1.000000, 1.000000, 1.000000
149.500549, 1.500000, 5.499997
0.000000, 0.000000, 0.000000
0
1.000000, 1.000000, 1.000000
149.500549, 0.500000, 5.499997
0.000000, 0.000000, 0.000000
0
1.000000, 1.000000, 1.000000
148.500000, 0.500000, 5.500000
0.000000, 0.000000, 0.000000
0
1.000000, 1.000000, 1.000000
148.500000, 1.500000, 5.500000
0.000000, 0.000000, 0.000000
0
1.000000, 1.000000, 1.000000
148.500000, 2.500000, 5.500000
0.000000, 0.000000, 0.000000
0
1.000000, 1.000000, 1.000000
148.500000, 3.499999, 5.500000
0.000000, 0.000000, 0.000000
0
1.000000, 1.000000, 1.000000
148.500000, 4.499998, 5.500000
0.000000, 0.000000, 0.000000
0
1.000000, 1.000000, 1.000000
148.500000, 5.499997, 5.500000
0.000000, 0.000000, 0.000000
0
1.000000, 1.000000, 1.000000
148.500000, 6.499996, 5.500000
0.000000, 0.000000, 0.000000
0
1.000000, 1.000000, 1.000000
148.500000, 7.499995, 5.500000
0.000000, 0.000000, 0.000000
0
1.000000, 1.000000, 1.000000
148.500000, 8.499996, 5.500000
0.000000, 0.000000, 0.000000
0
1.000000, 1.000000, 1.000000
147.499939, 7.499995, 5.500000
0.000000, 0.000000, 0.000000
0
1.000000, 1.000000, 1.000000
147.499939, 6.499996, 5.500000
0.000000, 0.000000, 0.000000
0
1.000000, 1.000000, 1.000000
147.499939, 5.499997, 5.500000
0.000000, 0.000000, 0.000000
0
1.000000, 1.000000, 1.000000
147.499939, 4.499998, 5.500000
0.000000, 0.000000, 0.000000
0
1.000000, 1.000000, 1.000000
147.499939, 3.499999, 5.500000
0.000000, 0.000000, 0.000000
0
1.000000, 1.000000, 1.000000
147.499939, 2.500000, 5.500000
0.000000, 0.000000, 0.000000
0
1.000000, 1.000000, 1.000000
147.499939, 1.500000, 5.500000
0.000000, 0.000000, 0.000000
0
1.000000, 1.000000, 1.000000
147.499939, 0.500000, 5.500000
0.000000, 0.000000, 0.000000
0
1.000000, 1.000000, 1.000000
146.499878, 0.500000, 5.500000
0.000000, 0.000000, 0.000000
0
1.000000, 1.000000, 1.000000
146.499878, 1.500000, 5.500000
0.000000, 0.000000, 0.000000
0
1.000000, 1.000000, 1.000000
146.499878, 2.500000, 5.500000
0.000000, 0.000000, 0.000000
0
1.000000, 1.000000, 1.000000
146.499878, 3.499999, 5.500000
0.000000, 0.000000, 0.000000
0
1.000000, 1.000000, 1.000000
146.499878, 4.499998, 5.500000
0.000000, 0.000000, 0.000000
0
1.000000, 1.000000, 1.000000
146.499878, 5.499997, 5.500000
0.000000, 0.000000, 0.000000
0
1.000000, 1.000000, 1.000000
146.499878, 6.499996, 5.500000
0.000000, 0.000000, 0.000000
0
1.000000, 1.000000, 1.000000
145.499817, 5.499997, 5.500000
0.000000, 0.000000, 0.000000
0
1.000000, 1.000000, 1.000000
145.499817, 4.499998, 5.500000
0.000000, 0.000000, 0.000000
0
1.000000, 1.000000, 1.000000
145.499817, 3.499999, 5.500000
0.000000, 0.000000, 0.000000
0
1.000000, 1.000000, 1.000000
145.499817, 2.500000, 5.500000
0.000000, 0.000000, 0.000000
0
1.000000, 1.000000, 1.000000
145.499817, 1.500000, 5.500000
0.000000, 0.000000, 0.000000
0
1.000000, 1.000000, 1.000000
145.499817, 0.500000, 5.500000
0.000000, 0.000000, 0.000000
0
1.000000, 1.000000, 1.000000
144.499756, 0.500000, 5.500000
0.000000, 0.000000, 0.000000
0
1.000000, 1.000000, 1.000000
144.499756, 1.500000, 5.500000
0.000000, 0.000000, 0.000000
0
1.000000, 1.000000, 1.000000
144.499756, 2.500000, 5.500000
0.000000, 0.000000, 0.000000
0
1.000000, 1.000000, 1.000000
144.499756, 3.499999, 5.500000
0.000000, 0.000000, 0.000000
0
1.000000, 1.000000, 1.000000
144.499756, 4.499998, 5.500000
0.000000, 0.000000, 0.000000
0
1.000000, 1.000000, 1.000000
143.499695, 3.499999, 5.500000
0.000000, 0.000000, 0.000000
0
1.000000, 1.000000, 1.000000
143.499695, 2.500000, 5.500000
0.000000, 0.000000, 0.000000
0
1.000000, 1.000000, 1.000000
143.499695, 1.500000, 5.500000
0.000000, 0.000000, 0.000000
0
1.000000, 1.000000, 1.000000
143.499695, 0.500000, 5.500000
0.000000, 0.000000, 0.000000
0
1.000000, 1.000000, 1.000000
142.499634, 0.500000, 5.500000
0.000000, 0.000000, 0.000000
0
1.000000, 1.000000, 1.000000
142.499634, 1.500000, 5.500000
0.000000, 0.000000, 0.000000
0
1.000000, 1.000000, 1.000000
142.499634, 2.500000, 5.500000
0.000000, 0.000000, 0.000000
0
1.000000, 1.000000, 1.000000
141.499573, 1.500000, 5.500000
0.000000, 0.000000, 0.000000
0
1.000000, 1.000000, 1.000000
141.499573, 0.500000, 5.500000
0.000000, 0.000000, 0.000000
0
1.000000, 1.000000, 1.000000
140.499512, 0.500000, 5.500000
0.000000, 0.000000, 0.000000
3
10.000000, 10.000000, 12.000000
162.000000, 5.000000, 0.000000
0.000000, 0.000000, 0.000000
0
1.000000, 1.000000, 1.000000
167.500336, 9.500003, 0.000000
0.000000, 0.000000, 0.000000
0
1.000000, 1.000000, 1.000000
168.500397, 9.500003, -1.800000
0.000000, 0.000000, 0.000000
0
1.000000, 1.000000, 1.000000
169.500458, 9.500003, 3.199999
0.000000, 0.000000, 0.000000
0
1.000000, 1.000000, 1.000000
170.500519, 9.500003, -3.599999
0.000000, 0.000000, 0.000000
0
1.000000, 1.000000, 1.000000
171.500580, 9.500003, -5.399997
0.000000, 0.000000, 0.000000
0
1.000000, 1.000000, 1.000000
172.500641, 9.500003, 0.900000
0.000000, 0.000000, 0.000000
0
1.000000, 1.000000, 1.000000
173.500702, 9.500003, 4.199998
0.000000, 0.000000, 0.000000
0
1.000000, 1.000000, 1.000000
174.500763, 9.500003, -2.400000
0.000000, 0.000000, 0.000000
0
1.000000, 1.000000, 1.000000
175.500824, 9.500003, 2.500000
0.000000, 0.000000, 0.000000
0
1.000000, 1.000000, 1.000000
176.500885, 9.500003, -1.200000
0.000000, 0.000000, 0.000000
0
1.000000, 1.000000, 1.000000
177.500946, 9.500003, 5.499997
0.000000, 0.000000, 0.000000
0
1.000000, 1.000000, 1.000000
178.501007, 9.500003, -3.399999
0.000000, 0.000000, 0.000000
0
1.000000, 1.000000, 1.000000
179.501068, 9.500003, 0.000000
0.000000, 0.000000, 0.000000
0
1.000000, 1.000000, 1.000000
180.501129, 9.500003, 1.700000
0.000000, 0.000000, 0.000000
0
1.000000, 1.000000, 1.000000
181.501190, 9.500003, -4.899998
0.000000, 0.000000, 0.000000
0
1.000000, 1.000000, 1.000000
182.501251, 9.500003, -2.200000
0.000000, 0.000000, 0.000000
0
1.000000, 1.000000, 1.000000
183.501312, 9.500003, 3.999998
0.000000, 0.000000, 0.000000
3
1.000000, 10.000000, 12.000000
184.501373, 5.000000, 0.000000
0.000000, 0.000000, 0.000000
2
5.500000, 5.500000, 0.200000
181.001160, 2.700003, -5.499997
0.000000, 0.000000, 0.000000
4
1.000000, 1.000000, 1.000000
81.000023, 3.000000, 4.500001
0.000000, 0.000000, 0.000000
1
1.000000, 1.000000, 1.000000
81.000023, 3.000000, 3.500002
0.000000, 0.000000, 0.000000
1
1.000000, 1.000000, 1.000000
81.000023, 3.000000, 2.500003
0.000000, 0.000000, 0.000000
4
1.000000, 1.000000, 1.000000
86.499939, 3.000000, 4.500001
0.000000, 0.000000, 0.000000
1
1.000000, 1.000000, 1.000000
86.499939, 3.000000, 3.500002
0.000000, 0.000000, 0.000000
1
1.000000, 1.000000, 1.000000
86.499939, 3.000000, 2.500003
0.000000, 0.000000, 0.000000
1
1.000000, 1.000000, 1.000000
78.500061, 5.999997, -2.499996
0.000000, 0.000000, 0.000000
1
1.000000, 1.000000, 1.000000
78.500061, 5.999997, -3.499995
0.000000, 0.000000, 0.000000
1
1.000000, 1.000000, 1.000000
78.500061, 5.999997, -4.499995
0.000000, 0.000000, 0.000000
1
1.000000, 1.000000, 1.000000
83.999977, 5.999997, -2.499996
0.000000, 0.000000, 0.000000
1
1.000000, 1.000000, 1.000000
83.999977, 5.999997, -3.499995
0.000000, 0.000000, 0.000000
1
1.000000, 1.000000, 1.000000
83.999977, 5.999997, -4.499995
0.000000, 0.000000, 0.000000
1
1.000000, 1.000000, 1.000000
88.499908, 5.999997, -2.499996
0.000000, 0.000000, 0.000000
1
1.000000, 1.000000, 1.000000
88.499908, 5.999997, -3.499995
0.000000, 0.000000, 0.000000
1
1.000000, 1.000000, 1.000000
88.499908, 5.999997, -4.499995
0.000000, 0.000000, 0.000000
4
1.000000, 1.000000, 1.000000
70.000000, 4.000001, -0.099999
0.000000, 0.000000, 0.000000
1
1.000000, 1.000000, 1.000000
36.999924, 3.000001, -2.999999
0.000000, 0.000000, 0.000000
4
1.000000, 1.000000, 1.000000
37.999908, 3.000001, -2.999999
0.000000, 0.000000, 0.000000
1
1.000000, 1.000000, 1.000000
38.999893, 3.000001, -2.999999
0.000000, 0.000000, 0.000000
4
1.000000, 1.000000, 1.000000
39.999878, 3.000001, -2.999999
0.000000, 0.000000, 0.000000
1
1.000000, 1.000000, 1.000000
40.999863, 3.000001, -2.999999
0.000000, 0.000000, 0.000000
1
1.000000, 1.000000, 1.000000
40.999863, 5.999998, 0.800000
0.000000, 0.000000, 0.000000
1
1.000000, 1.000000, 1.000000
39.999878, 5.999998, 0.800000
0.000000, 0.000000, 0.000000
1
1.000000, 1.000000, 1.000000
38.999893, 5.999998, 0.800000
0.000000, 0.000000, 0.000000
1
1.000000, 1.000000, 1.000000
41.999847, 5.999998, 0.800000
0.000000, 0.000000, 0.000000
1
1.000000, 1.000000, 1.000000
42.999832, 5.999998, 0.800000
0.000000, 0.000000, 0.000000
1
1.000000, 1.000000, 1.000000
43.999817, 5.999998, 0.800000
0.000000, 0.000000, 0.000000
3
12.000000, 12.000000, 1.000000
50.099724, -4.999996, -5.499997
0.000000, 0.000000, 0.000000
